PDE  2005  9  8 11 27 17.40  46.0000    6.9000   7.0 4.4 0.0 SWITZERLAND             
event name:     200509081127A
time shift:      5.1000
half duration:   0.5000
latitude:       46.1600
longitude:       6.8600
depth:          12.0000
Mrr:       1.370000e+22
Mtt:       6.200000e+22
Mpp:      -7.570000e+22
Mrt:       2.790000e+22
Mrp:      -2.610000e+22
Mtp:      -4.880000e+22
